78592
9374
10283
21458
56742
567
12983
98725
29178
814
16738
21485
18592
93721
30259
32158
14829
78592
15294
12983
45639
98742
41237
67359
678
17495
69285
32145
67893
11947
12047
96231
35681
2047
30564
50928
10294
93720
573
67802
65814
29378
891
9374
12847
30518
47963
45671
78942
15283
6948
29871
67820
21458
67893
67854
745
12983
46739
78942
47926
3561
67854
25647
74269
356
6948
68492
75869
56742
10293
18592
67893
11947
4782
94567
21485
67820
21458
67854
32158
84732
67854
93721
9374
93287
29378
69285
891
50984
75896
95634
35681
98725
39451
41237
29871
15294
68492
204